%% ************************************在论文中的图*********************************************
%% 数据来自多次仿真结果
clear;
close all;

% lambda_f =10   u_f = 10   ut=25
count_prob1 =[0.375000000000000,0.350000000000000,0.150000000000000,0.125000000000000;0.349206349206349,0.301587301587302,0.158730158730159,0.190476190476190;0.319148936170213,0.276595744680851,0.159574468085106,0.244680851063830;0.296296296296296,0.251851851851852,0.162962962962963,0.288888888888889;0.276595744680851,0.234042553191489,0.159574468085106,0.329787234042553;0.258823529411765,0.219607843137255,0.188235294117647,0.333333333333333;0.242603550295858,0.207100591715976,0.298816568047337,0.251479289940828;0.229545454545455,0.195454545454545,0.381818181818182,0.193181818181818];

figure
x1 = 5:1:12;
plot(x1,count_prob1(:,1),'--dg','linewidth',1.5);
hold on;
plot(x1,count_prob1(:,2),'--sb','linewidth',1.5);
hold on;
plot(x1,count_prob1(:,3),'--^m','linewidth',1.5);
hold on;
plot(x1,count_prob1(:,4),'--or','linewidth',1.5);
hold on;
xlabel('最大车辆数目 ({\mu_{\itt}=25})');
ylabel('动作概率');
% axis([5 12 0.1 0.45]);
legend('动作0','动作1','动作2','动作3','Location','NorthWest');


% lambda_f =10   u_f = 10   ut=50
count_prob2 =[0.375000000000000,0.350000000000000,0.125000000000000,0.150000000000000;0.349206349206349,0.301587301587302,0.142857142857143,0.206349206349206;0.319148936170213,0.265957446808511,0.159574468085106,0.255319148936170;0.296296296296296,0.244444444444444,0.162962962962963,0.296296296296296;0.276595744680851,0.228723404255319,0.159574468085106,0.335106382978723;0.258823529411765,0.215686274509804,0.235294117647059,0.290196078431373;0.242603550295858,0.239644970414201,0.295857988165681,0.221893491124260;0.229545454545455,0.370454545454546,0.229545454545455,0.170454545454545];

figure
x2 = 5:1:12;
plot(x2,count_prob2(:,1),'--dg','linewidth',1.5);
hold on;
plot(x2,count_prob2(:,2),'--sb','linewidth',1.5);
hold on;
plot(x2,count_prob2(:,3),'--^m','linewidth',1.5);
hold on;
plot(x2,count_prob2(:,4),'--or','linewidth',1.5);
hold on;
xlabel('最大车辆数目 ({\mu_{\itt}=50})');
ylabel('动作概率');
% axis([5 12 0.1 0.45]);
legend('动作0','动作1','动作2','动作3','Location','NorthWest');